0 0.502387 0.554028 0.049195 0.056472
0 0.267316 0.539250 0.040164 0.069194
0 0.620637 0.550562 0.052273 0.055542
0 0.866848 0.720812 0.096039 0.097514
0 0.733660 0.624160 0.075492 0.071736
0 0.428691 0.502028 0.046227 0.050778
0 0.368277 0.509014 0.048492 0.056778
0 0.450781 0.949396 0.135281 0.101208
0 0.560852 0.510090 0.048672 0.048569
0 0.289469 0.501903 0.037484 0.041806
0 0.779273 0.545604 0.044672 0.039958
0 0.745027 0.559569 0.055695 0.054778
0 0.396125 0.691528 0.059344 0.093444
0 0.659371 0.514181 0.059820 0.047861
0 0.240484 0.466326 0.041906 0.049708
0 0.206867 0.487542 0.034875 0.065583
0 0.218605 0.399361 0.037883 0.018028
0 0.223566 0.424514 0.034320 0.023028
0 0.350477 0.430160 0.042547 0.039653
0 0.438367 0.443896 0.035875 0.030486
0 0.507156 0.443688 0.121016 0.137264
