0 0.323094 0.419715 0.030906 0.023264
0 0.460383 0.468611 0.056922 0.043306
0 0.323359 0.523563 0.047531 0.075458
0 0.825617 0.553174 0.072453 0.071042
0 0.765852 0.602361 0.068687 0.075500
0 0.559059 0.775174 0.082117 0.124764
0 0.835090 0.689382 0.090305 0.084542
0 0.485961 0.466681 0.033969 0.043111
0 0.555629 0.460847 0.035242 0.038972
0 0.282715 0.652715 0.056102 0.099875
0 0.502848 0.649896 0.069930 0.107847
0 0.245195 0.468882 0.037844 0.045958
0 0.352063 0.438153 0.024984 0.019639
0 0.205289 0.391889 0.039531 0.022222
0 0.315504 0.473979 0.044820 0.036042
0 0.390953 0.431410 0.036125 0.029236
0 0.309172 0.401528 0.018938 0.011639
0 0.271586 0.409076 0.028953 0.022264
0 0.621629 0.451153 0.051664 0.034389
0 0.631441 0.476556 0.054555 0.034889
0 0.616000 0.503500 0.057156 0.047722
0 0.384914 0.482410 0.049562 0.048125
0 0.238348 0.932597 0.094336 0.134806
0 0.432391 0.945312 0.125641 0.109375
0 0.970746 0.720139 0.058508 0.094472
0 0.262840 0.544354 0.044852 0.062486
