0 0.616543 0.497646 0.051570 0.059653
0 0.285625 0.625569 0.053938 0.103528
0 0.736105 0.518403 0.052773 0.050639
0 0.700043 0.537701 0.057023 0.058625
0 0.476270 0.632667 0.059898 0.081889
0 0.393746 0.443271 0.067805 0.050681
0 0.323793 0.445021 0.041148 0.044347
0 0.463926 0.452083 0.036289 0.033694
0 0.662340 0.470653 0.049383 0.038222
0 0.516215 0.435118 0.046695 0.036431
0 0.463641 0.522014 0.059125 0.063306
0 0.175508 0.385431 0.066516 0.083889
0 0.544937 0.582931 0.062484 0.077639
0 0.229867 0.406910 0.025125 0.028347
0 0.255715 0.401181 0.025289 0.027778
0 0.267234 0.415208 0.018359 0.009444
0 0.344941 0.417931 0.020133 0.010306
0 0.298879 0.403035 0.024320 0.020042
0 0.236148 0.441410 0.036406 0.028069
0 0.270133 0.435396 0.041234 0.026347
0 0.274965 0.463174 0.036398 0.034931
0 0.232043 0.469465 0.033664 0.030931
0 0.387223 0.483354 0.040914 0.032931
0 0.380621 0.514278 0.048320 0.061556
0 0.990824 0.642319 0.018023 0.057972
0 0.338211 0.525931 0.062266 0.090028
0 0.438078 0.582187 0.048578 0.062819
0 0.623305 0.679708 0.078016 0.101861
0 0.292566 0.503799 0.040148 0.049764
0 0.552844 0.472118 0.052297 0.055625
0 0.262273 0.898542 0.121719 0.191667
0 0.778332 0.642958 0.087617 0.117111
0 0.842543 0.615944 0.072773 0.069472
