0 0.824797 0.925014 0.050750 0.122083
0 0.369398 0.587653 0.046719 0.076750
0 0.443539 0.502944 0.049437 0.066778
0 0.401004 0.677424 0.060992 0.114903
0 0.657918 0.699174 0.088586 0.113542
0 0.544996 0.502125 0.044727 0.050056
0 0.308668 0.521285 0.039961 0.057486
0 0.467348 0.438743 0.040352 0.050375
0 0.628617 0.510549 0.052250 0.047597
0 0.920125 0.651618 0.100234 0.102764
0 0.766156 0.642278 0.077375 0.085111
0 0.498109 0.628722 0.066484 0.102194
0 0.597602 0.826569 0.094047 0.139778
0 0.531684 0.584951 0.056883 0.070514
0 0.708109 0.500014 0.064406 0.060417
0 0.660727 0.965132 0.121047 0.069736
0 0.374566 0.518431 0.046898 0.049667
0 0.380555 0.475410 0.038422 0.042569
0 0.331160 0.483396 0.040414 0.045236
0 0.418684 0.431847 0.039945 0.042556
0 0.346312 0.422896 0.033250 0.019181
0 0.344695 0.403326 0.039359 0.024125
0 0.295629 0.420417 0.029836 0.023806
0 0.262914 0.416271 0.023906 0.019014
0 0.257590 0.482118 0.039133 0.047375
0 0.250695 0.444021 0.036531 0.029486
0 0.239207 0.401292 0.019680 0.018056
0 0.218496 0.407361 0.021570 0.018056
0 0.189328 0.393069 0.014109 0.014694
0 0.173738 0.399694 0.014383 0.012306
0 0.202664 0.450750 0.020703 0.028361
0 0.542969 0.457472 0.048797 0.038944
0 0.648449 0.566424 0.062117 0.055819
