0 0.293238 0.778486 0.072430 0.150000
0 0.262559 0.408431 0.036664 0.026250
0 0.291258 0.438236 0.038922 0.030111
0 0.260594 0.451799 0.035281 0.028875
0 0.261504 0.484903 0.037945 0.038833
0 0.400598 0.416542 0.037914 0.032250
0 0.373137 0.475722 0.041961 0.041750
0 0.431699 0.508993 0.050867 0.064514
0 0.437398 0.571354 0.023078 0.059319
0 0.733223 0.802722 0.124617 0.189444
0 0.913375 0.600569 0.084484 0.072778
0 0.920926 0.546889 0.077523 0.048000
0 0.391688 0.641569 0.089688 0.193500
0 0.333816 0.486021 0.042555 0.046042
0 0.322051 0.417250 0.041477 0.034167
0 0.251699 0.551090 0.041086 0.049458
0 0.292254 0.506646 0.039008 0.062097
0 0.328020 0.541375 0.038570 0.062972
0 0.508844 0.566375 0.054641 0.063167
0 0.897281 0.460250 0.070922 0.064389
0 0.301063 0.596229 0.042797 0.074347
0 0.544289 0.733528 0.073797 0.110306
0 0.748547 0.577972 0.070609 0.064361
0 0.737738 0.492535 0.051555 0.051847
0 0.196789 0.388097 0.021297 0.017417
0 0.215242 0.404340 0.025047 0.019792
