0 0.504816 0.422986 0.104523 0.089583
0 0.259656 0.944903 0.105016 0.110194
0 0.651617 0.444938 0.123797 0.080431
0 0.682031 0.497563 0.052500 0.052875
0 0.258871 0.546056 0.041852 0.098833
0 0.800590 0.506889 0.063258 0.047667
0 0.955594 0.604542 0.060469 0.071000
0 0.564918 0.476521 0.051898 0.052153
0 0.573586 0.524931 0.060563 0.044389
0 0.180938 0.397993 0.016984 0.014347
0 0.221234 0.393042 0.016844 0.013861
0 0.249289 0.400958 0.027844 0.022778
0 0.283320 0.399972 0.027703 0.018306
0 0.303090 0.422236 0.026867 0.024750
0 0.273926 0.491063 0.041414 0.043014
0 0.322203 0.477313 0.038672 0.028819
0 0.343156 0.431639 0.027687 0.025278
0 0.468648 0.970653 0.114328 0.058694
0 0.629535 0.870028 0.131914 0.179333
0 0.709703 0.551840 0.060687 0.062014
0 0.821996 0.559028 0.068773 0.055778
0 0.424316 0.566549 0.052336 0.080403
0 0.301055 0.650069 0.051656 0.093056
0 0.332496 0.536979 0.043039 0.062375
0 0.778430 0.655236 0.084578 0.071583
0 0.363738 0.409903 0.022945 0.025278
0 0.387688 0.427639 0.029937 0.029722
0 0.372594 0.509688 0.043656 0.049236
