0 0.237391 0.400299 0.027578 0.024514
0 0.929129 0.608486 0.083602 0.075306
0 0.676910 0.580743 0.062211 0.066819
0 0.544180 0.582035 0.073031 0.098236
0 0.500129 0.481056 0.050617 0.051528
0 0.535871 0.433306 0.042508 0.038472
0 0.471922 0.423694 0.045984 0.042583
0 0.448152 0.464229 0.034008 0.039847
0 0.675520 0.958014 0.133008 0.083972
0 0.284738 0.630743 0.049461 0.075569
0 0.277199 0.589181 0.052164 0.058389
0 0.330719 0.547625 0.048687 0.065944
0 0.340816 0.493882 0.042492 0.050681
0 0.346223 0.463736 0.041742 0.038111
0 0.390016 0.439882 0.032797 0.040097
0 0.377344 0.413382 0.027953 0.028153
0 0.313609 0.418181 0.032422 0.027833
0 0.236926 0.523201 0.039695 0.046375
0 0.596523 0.529813 0.038641 0.048931
0 0.610254 0.474090 0.050336 0.051625
0 0.447281 0.573403 0.053781 0.065833
0 0.522504 0.693181 0.066523 0.116250
0 0.682719 0.721694 0.086203 0.128083
0 0.265156 0.410896 0.023859 0.025847
0 0.205523 0.479965 0.029812 0.024181
0 0.979398 0.580125 0.041125 0.071694
0 0.936516 0.692208 0.085641 0.076556
0 0.282738 0.782111 0.078508 0.169556
0 0.663152 0.476292 0.043758 0.030861
0 0.811191 0.676153 0.085023 0.082917
0 0.397578 0.657521 0.069687 0.137236
0 0.265383 0.448653 0.046063 0.040944
0 0.239852 0.468410 0.033984 0.036931
0 0.215211 0.436340 0.033656 0.032931
0 0.170207 0.393174 0.014352 0.016236
0 0.189777 0.396812 0.016586 0.014903
