0 0.310191 0.401000 0.027789 0.020750
0 0.366016 0.424792 0.040141 0.047306
0 0.246949 0.907264 0.098727 0.153556
0 0.877773 0.645674 0.082687 0.071264
0 0.226273 0.381750 0.024781 0.022889
0 0.211891 0.402069 0.023687 0.027167
0 0.176457 0.393625 0.018758 0.014972
0 0.448750 0.459556 0.043984 0.057167
0 0.409402 0.675194 0.059086 0.113833
0 0.284801 0.690958 0.060633 0.132806
0 0.340656 0.542938 0.051359 0.061986
0 0.850840 0.694007 0.089523 0.083181
0 0.521508 0.653722 0.071312 0.110250
0 0.267227 0.587076 0.047422 0.076542
0 0.700340 0.598917 0.066695 0.071306
0 0.715336 0.513646 0.055375 0.059792
0 0.456187 0.604014 0.051344 0.077194
0 0.774734 0.870417 0.118641 0.148306
0 0.673750 0.954000 0.132969 0.092000
0 0.488801 0.430972 0.037914 0.041250
0 0.422316 0.538965 0.061117 0.071847
0 0.495410 0.545840 0.056633 0.061653
0 0.236980 0.520243 0.038664 0.056764
0 0.264672 0.482771 0.039172 0.042125
0 0.229621 0.451056 0.040914 0.040806
0 0.313379 0.424528 0.029836 0.027583
0 0.265734 0.394694 0.022141 0.014972
0 0.242516 0.408590 0.027906 0.023097
0 0.576258 0.483083 0.050875 0.052889
