0 0.307414 0.529340 0.047016 0.072653
0 0.239656 0.521167 0.040266 0.063167
0 0.382117 0.624201 0.050766 0.077236
0 0.334547 0.427979 0.030625 0.031681
0 0.295008 0.466687 0.045281 0.052681
0 0.568539 0.441806 0.049016 0.036444
0 0.564625 0.488187 0.051250 0.050347
0 0.432707 0.898674 0.108336 0.202653
0 0.597227 0.639750 0.075375 0.089944
0 0.189207 0.393882 0.025195 0.026486
0 0.252613 0.404028 0.029227 0.029944
0 0.343043 0.409097 0.028305 0.021250
0 0.346113 0.485917 0.046320 0.061167
0 0.169184 0.413674 0.034477 0.037764
0 0.187449 0.441833 0.039320 0.032472
0 0.185398 0.478778 0.029625 0.044056
0 0.232148 0.398708 0.016984 0.021778
0 0.853082 0.942514 0.107055 0.108250
0 0.273965 0.839493 0.085648 0.135764
0 0.874926 0.697778 0.079148 0.081972
0 0.507133 0.464465 0.040359 0.037986
0 0.423809 0.421687 0.037070 0.034153
0 0.668086 0.521965 0.043828 0.044931
0 0.830715 0.612056 0.071617 0.062139
0 0.985582 0.636264 0.028383 0.087583
0 0.639145 0.561507 0.038602 0.050625
