0 0.290203 0.600542 0.083312 0.172583
0 0.722699 0.548438 0.064523 0.070153
0 0.595125 0.528715 0.048922 0.060597
0 0.839027 0.618604 0.091758 0.080875
0 0.499820 0.556868 0.065250 0.073042
0 0.532348 0.674667 0.070008 0.105194
0 0.491508 0.462472 0.038531 0.040222
0 0.626020 0.499549 0.052102 0.053181
0 0.447813 0.457743 0.046500 0.048264
0 0.440617 0.581764 0.052109 0.067083
0 0.353422 0.465382 0.048797 0.066292
0 0.342871 0.543014 0.040086 0.067778
0 0.968656 0.709292 0.062688 0.111306
0 0.834039 0.546514 0.087828 0.066917
0 0.515359 0.437222 0.051687 0.044611
0 0.431047 0.419604 0.032125 0.032569
0 0.365180 0.438118 0.037391 0.033014
0 0.381488 0.423389 0.030867 0.024083
0 0.248816 0.517667 0.048023 0.076167
0 0.254273 0.457285 0.034203 0.021931
0 0.243238 0.428097 0.036602 0.026778
0 0.287637 0.403833 0.026461 0.025472
0 0.328688 0.416750 0.023422 0.026778
0 0.201195 0.401562 0.022266 0.015708
0 0.218984 0.401028 0.013313 0.018500
0 0.176207 0.394465 0.021664 0.019569
