0 0.591023 0.523118 0.037328 0.045514
0 0.386320 0.626479 0.060344 0.094069
0 0.780703 0.420903 0.041406 0.038472
0 0.172504 0.397313 0.015242 0.016681
0 0.185105 0.385736 0.017773 0.026889
0 0.213039 0.400549 0.028828 0.042069
0 0.249285 0.397306 0.027711 0.024083
0 0.264051 0.481604 0.044164 0.047292
0 0.373332 0.439674 0.036383 0.033903
0 0.408215 0.433875 0.030867 0.029444
0 0.454508 0.520194 0.055703 0.062000
0 0.306184 0.413299 0.020102 0.019597
0 0.613719 0.476444 0.036594 0.034639
0 0.575605 0.480167 0.052039 0.051056
0 0.482926 0.471910 0.041492 0.029542
0 0.347488 0.490083 0.049930 0.064250
0 0.256402 0.548750 0.044414 0.059333
0 0.430898 0.930694 0.142797 0.138611
0 0.817496 0.919549 0.174836 0.160903
0 0.481492 0.438979 0.040453 0.051097
0 0.528711 0.726479 0.068359 0.103097
0 0.718422 0.604090 0.064609 0.080347
0 0.850078 0.562396 0.061766 0.079153
0 0.785410 0.561993 0.099039 0.095264
0 0.276934 0.604681 0.046836 0.076667
0 0.456922 0.587201 0.055906 0.070347
