0 0.686523 0.742688 0.090188 0.116347
0 0.768801 0.568944 0.067367 0.067306
0 0.608117 0.889674 0.110719 0.182292
0 0.275813 0.707993 0.062688 0.101264
0 0.271941 0.832722 0.080508 0.161889
0 0.814422 0.519597 0.059906 0.057917
0 0.319031 0.404014 0.026406 0.017278
0 0.325836 0.424604 0.038719 0.025625
0 0.194125 0.397785 0.014281 0.012542
0 0.235930 0.409278 0.031906 0.024583
0 0.266891 0.406062 0.021516 0.016875
0 0.239195 0.536097 0.045922 0.056972
0 0.271730 0.482417 0.038477 0.049694
0 0.309004 0.466361 0.043898 0.043778
0 0.426938 0.433528 0.041641 0.039167
0 0.397535 0.447354 0.037586 0.029375
0 0.597605 0.460563 0.034023 0.042069
0 0.556160 0.465910 0.056430 0.053764
0 0.479363 0.611889 0.067523 0.096750
0 0.377578 0.615174 0.058109 0.096153
0 0.762918 0.409319 0.037430 0.050444
0 0.772852 0.652861 0.078312 0.090583
0 0.635223 0.557438 0.058961 0.051931
0 0.462691 0.949444 0.114289 0.095083
0 0.965617 0.707667 0.064375 0.065278
0 0.497332 0.481389 0.042758 0.038750
